10 12 11 29 13 14 15 16 17 18 23 26 19 21 20 22 
56 62 67 74 61 69 63 68 59 65 64 66 76 77 78 79 
105 96 88 99 83 91 84 92 81 86 82 85 87 93 90 94 
30 43 36 38 39 40 51 55 34 41 46 48 47 53 52 54 
100 102 106 115 101 97 107 108 103 112 104 110 109 117 111 114 
119 123 121 122 120 129 125 128 126 132 130 131 134 144 137 141 
133 135 140 142 145 162 146 151 136 153 143 152 138 149 139 148 
24 25 27 28 31 32 35 37 44 50 45 49 57 58 75 89 
160 169 163 166 175 178 182 186 164 176 168 170 165 167 171 173 
193 217 231 239 212 224 218 219 216 220 226 232 221 227 230 233 
179 195 190 191 184 194 198 199 180 181 185 203 187 189 200 202 
196 197 204 209 211 229 213 215 201 210 208 225 205 207 206 223 
237 266 262 263 252 256 267 268 241 246 253 255 247 250 251 257 
113 98 116 80 118 127 124 95 150 183 157 159 154 158 156 161 
0 3 1 2 4 6 5 9 33 42 7 8 70 72 71 73 
271 278 283 286 285 289 290 293 272 276 273 279 274 281 280 282 
299 312 313 315 304 305 316 317 303 306 307 308 309 314 310 311 
214 222 228 235 240 249 243 254 258 260 259 261 264 270 275 277 
334 343 347 362 348 361 356 357 352 354 353 360 355 365 359 368 
358 367 364 366 370 373 375 383 363 377 369 372 371 378 380 382 
318 319 320 322 324 328 326 327 329 331 330 332 333 337 335 339 
404 417 406 407 409 411 415 418 410 413 416 421 412 420 414 419 
422 423 426 427 425 428 437 439 424 429 431 433 434 441 435 438 
464 465 467 475 469 472 473 478 466 474 477 482 468 480 470 471 
442 443 448 450 445 446 447 449 444 451 453 455 452 457 456 458 
265 269 340 342 321 323 325 338 287 291 292 295 294 301 298 300 
376 384 385 387 386 388 389 390 391 394 392 396 393 403 398 399 
494 498 497 503 495 496 499 500 501 502 504 506 505 517 507 509 
147 155 174 302 172 188 177 192 234 60 236 238 242 244 245 248 
459 462 460 461 481 483 486 487 484 485 488 492 489 490 491 493 
336 341 345 349 344 351 346 350 374 402 379 381 400 408 401 405 
508 515 512 514 513 521 518 519 516 524 523 525 520 522 526 527 
528 530 529 562 549 550 551 552 540 542 543 544 545 546 547 548 
554 568 573 575 555 556 557 558 560 561 567 569 563 564 565 566 
284 288 296 297 395 397 436 440 531 534 537 538 532 533 535 541 
510 511 539 609 570 574 571 572 584 585 586 587 591 600 594 595 
559 599 597 598 589 622 592 593 576 602 603 604 605 606 607 608 
430 432 454 596 463 553 476 479 536 579 613 614 578 580 581 582 
577 583 619 619 615 616 620 621 588 590 610 611 601 617 612 618 
