13 14 15 16 
0 3 1 2 
19 21 20 22 
76 77 78 79 
10 12 11 29 
4 6 5 9 
24 25 27 28 
101 97 107 108 
30 43 36 38 
119 123 121 122 
81 86 82 85 
44 50 45 49 
103 112 104 110 
39 40 51 55 
109 117 111 114 
61 69 63 68 
87 93 90 94 
34 41 46 48 
59 65 64 66 
120 129 125 128 
56 62 67 74 
83 91 84 92 
31 32 35 37 
47 53 52 54 
100 102 106 115 
134 144 137 141 
70 72 71 73 
160 169 163 166 
126 132 130 131 
136 153 143 152 
165 167 171 173 
105 96 88 99 
17 18 23 26 
184 194 198 199 
212 224 218 219 
154 158 156 161 
216 220 226 232 
138 149 139 148 
113 98 116 80 
145 162 146 151 
118 127 124 95 
205 207 206 223 
201 210 208 225 
237 266 262 263 
271 278 283 286 
150 183 157 159 
180 181 185 203 
221 227 230 233 
252 256 267 268 
57 58 75 89 
133 135 140 142 
164 176 168 170 
214 222 228 235 
196 197 204 209 
175 178 182 186 
287 291 292 295 
179 195 190 191 
241 246 253 255 
242 244 245 248 
240 249 243 254 
187 189 200 202 
272 276 273 279 
193 217 231 239 
352 354 353 360 
294 301 298 300 
303 306 307 308 
172 188 177 192 
274 281 280 282 
321 323 325 338 
324 328 326 327 
258 260 259 261 
247 250 251 257 
318 319 320 322 
264 270 275 277 
211 229 213 215 
309 314 310 311 
355 365 359 368 
333 337 335 339 
424 429 431 433 
329 331 330 332 
459 462 460 461 
285 289 290 293 
358 367 364 366 
434 441 435 438 
363 377 369 372 
299 312 313 315 
371 378 380 382 
422 423 426 427 
391 394 392 396 
445 446 447 449 
409 411 415 418 
400 408 401 405 
33 42 7 8 
344 351 346 350 
336 341 345 349 
452 457 456 458 
348 361 356 357 
284 288 296 297 
404 417 406 407 
386 388 389 390 
469 472 473 478 
501 502 504 506 
508 515 512 514 
468 480 470 471 
370 373 375 383 
304 305 316 317 
444 451 453 455 
495 496 499 500 
410 413 416 421 
520 522 526 527 
234 60 236 238 
393 403 398 399 
464 465 467 475 
545 546 547 548 
425 428 437 439 
489 490 491 493 
376 384 385 387 
531 534 537 538 
147 155 174 302 
481 483 486 487 
334 343 347 362 
540 542 543 544 
555 556 557 558 
412 420 414 419 
578 580 581 582 
442 443 448 450 
494 498 497 503 
560 561 567 569 
374 402 379 381 
549 550 551 552 
513 521 518 519 
528 530 529 562 
484 485 488 492 
466 474 477 482 
570 574 571 572 
563 564 565 566 
532 533 535 541 
516 524 523 525 
395 397 436 440 
505 517 507 509 
265 269 340 342 
584 585 586 587 
605 606 607 608 
559 599 597 598 
591 600 594 595 
576 602 603 604 
463 553 476 479 
589 622 592 593 
510 511 539 609 
554 568 573 575 
615 616 620 621 
430 432 454 596 
577 583 619 619 
601 617 612 618 
588 590 610 611 
536 579 613 614 
