15 16 20 22 
78 79 83 91 
11 19 12 21 
44 47 48 52 
101 106 107 108 
30 36 38 43 
85 88 86 94 
24 25 34 46 
119 129 123 124 
57 64 67 68 
130 141 137 144 
100 109 111 95 
103 99 110 114 
143 145 146 148 
87 92 90 93 
13 13 14 18 
62 74 63 69 
45 49 60 65 
71 84 80 82 
73 81 76 77 
51 54 55 56 
155 169 160 163 
102 105 117 125 
53 58 59 66 
138 151 142 149 
27 28 31 32 
152 158 156 161 
121 122 126 128 
198 199 201 212 
208 217 216 220 
218 224 221 228 
213 219 223 226 
134 136 140 154 
10 5 41 9 
115 120 131 132 
17 35 23 26 
258 266 262 263 
165 166 176 182 
104 112 96 97 
172 181 184 188 
70 72 75 98 
113 116 118 127 
162 164 167 173 
29 37 7 8 
270 272 271 273 
171 178 175 186 
195 200 196 197 
237 249 252 256 
205 206 207 210 
179 185 180 187 
241 246 251 259 
39 40 50 61 
1 2 4 6 
150 153 157 159 
306 316 308 312 
202 211 204 209 
277 279 281 284 
230 233 235 240 
267 268 278 280 
214 222 232 239 
243 254 253 255 
215 227 225 231 
287 291 295 296 
317 325 319 324 
244 245 247 250 
294 298 299 301 
264 274 283 286 
352 353 354 360 
331 335 333 334 
318 327 320 322 
347 358 362 364 
369 372 371 378 
289 292 290 293 
190 191 193 194 
309 314 321 323 
365 377 379 380 
336 340 338 339 
133 139 135 147 
381 382 386 389 
260 282 269 275 
424 425 427 428 
444 455 445 446 
341 344 348 350 
447 449 456 457 
168 170 174 183 
398 399 403 406 
404 407 417 418 
238 265 261 276 
297 303 305 307 
468 480 473 478 
400 405 401 402 
391 396 395 397 
345 356 357 363 
203 229 234 236 
422 430 423 431 
442 443 448 450 
370 373 375 383 
359 368 366 367 
488 492 489 490 
459 462 460 461 
328 329 330 332 
496 500 498 499 
300 304 302 313 
434 441 435 438 
467 472 470 471 
531 532 533 535 
534 536 537 538 
411 415 413 416 
501 502 507 509 
387 388 390 392 
508 512 514 515 
464 465 469 482 
342 361 349 351 
420 432 421 426 
494 495 504 506 
374 376 384 385 
410 412 414 419 
520 522 521 527 
477 484 483 485 
466 474 486 487 
523 530 528 529 
497 505 503 517 
543 548 545 546 
451 453 452 458 
310 311 315 326 
540 541 544 550 
429 433 436 440 
557 558 560 561 
605 606 607 608 
563 564 565 566 
597 598 599 622 
476 481 491 493 
393 394 408 409 
516 524 525 526 
337 343 346 355 
553 559 555 556 
570 574 573 575 
591 600 594 595 
562 568 567 569 
584 585 586 587 
510 511 513 518 
242 257 285 288 
549 554 551 552 
177 192 189 89 
578 579 580 581 
615 616 620 621 
0 3 33 42 
589 612 592 593 
542 602 576 613 
609 618 610 611 
539 547 571 572 
577 583 582 619 
437 439 454 463 
588 590 603 604 
596 614 601 617 
248 479 475 519 
